1 9
2 6
3 10
4 10
5 5
6 10
7 6
8 5
9 10
10 11
11 15
12 14
13 5
14 10
15 11
16 14
17 13
18 10
19 6
20 6
21 10
22 10
23 11
24 4
25 5
26 13
27 14
28 6
29 6
30 10
31 10
32 13
33 4
34 6
35 10
36 10
37 12
38 9
39 6
40 10
41 10
42 5
43 10
44 6
45 5
46 10
47 11
48 15
49 14
50 5
51 10
52 11
53 14
54 13
55 10
56 6
57 6
58 10
59 10
60 11
61 4
62 5
63 13
64 14
65 6
66 6
67 10
68 10
69 13
70 4
71 6
72 10
73 10
74 12
75 9
76 6
77 10
78 10
79 5
80 10
81 6
82 5
83 10
84 11
85 15
86 14
87 5
88 10
89 11
90 14
91 13
92 10
93 6
94 6
95 10
96 10
97 11
98 4
99 5
100 13
101 14
102 6
103 6
104 10
105 10
106 13
107 4
108 6
109 10
110 10
111 12
112 9
113 6
114 10
115 10
116 5
117 10
118 6
119 5
120 10
121 11
122 15
123 14
124 5
125 10
126 11
127 14
128 13
129 10
130 6
131 6
132 10
133 10
134 11
135 4
136 5
137 13
138 14
139 6
140 6
141 10
142 10
143 13
144 4
145 6
146 10
147 10
148 12
149 9
150 6
151 10
152 10
153 5
154 10
155 6
156 5
157 10
158 11
159 15
160 14
161 5
162 10
163 11
164 14
165 13
166 10
167 6
168 6
169 10
170 10
171 11
172 4
173 5
174 13
175 14
176 6
177 6
178 10
179 10
180 13
181 4
182 6
183 10
184 10
185 12
186 9
187 6
188 10
189 10
190 5
191 10
192 6
193 5
194 10
195 11
196 15
197 14
198 5
199 10
200 11
201 14
202 13
203 10
204 6
205 6
206 10
207 10
208 11
209 4
210 5
211 13
212 14
213 6
214 6
215 10
216 10
217 13
218 4
219 6
220 10
221 10
222 12
223 9
224 6
225 10
226 10
227 5
228 10
229 6
230 5
231 10
232 11
233 15
234 14
235 5
236 10
237 11
238 14
239 13
240 10
241 6
242 6
243 10
244 10
245 11
246 4
247 5
248 13
249 14
250 6
251 6
252 10
253 10
254 13
255 4
256 6
257 10
258 10
259 12
260 9
261 6
262 10
263 10
264 5
265 10
266 6
267 5
268 10
269 11
270 15
271 14
272 5
273 10
274 11
275 14
276 13
277 10
278 6
279 6
280 10
281 10
282 11
283 4
284 5
285 13
286 14
287 6
288 6
289 10
290 10
291 13
292 4
293 6
294 10
295 10
296 12
297 9
298 6
299 10
300 10
301 5
302 10
303 6
304 5
305 10
306 11
307 15
308 14
309 5
310 10
311 11
312 14
313 13
314 10
315 6
316 6
317 10
318 10
319 11
320 4
321 5
322 13
323 14
324 6
325 6
326 10
327 10
328 13
329 4
330 6
331 10
332 10
333 12
334 9
335 6
336 10
337 10
338 5
339 10
340 6
341 5
342 10
343 11
344 15
345 14
346 5
347 10
348 11
349 14
350 13
351 10
352 6
353 6
354 10
355 10
356 11
357 4
358 5
359 13
360 14
361 6
362 6
363 10
364 10
365 13
366 4
367 6
368 10
369 10
370 12
371 9
372 6
373 10
374 10
375 5
376 10
377 6
378 5
379 10
380 11
381 15
382 14
383 5
384 10
385 11
386 14
387 13
388 10
389 6
390 6
391 10
392 10
393 11
394 4
395 5
396 13
397 14
398 6
399 6
400 10
401 10
402 13
403 4
404 6
405 10
406 10
407 12
408 9
409 6
410 10
411 10
412 5
413 10
414 6
415 5
416 10
417 11
418 15
419 14
420 5
421 10
422 11
423 14
424 13
425 10
426 6
427 6
428 10
429 10
430 11
431 4
432 5
433 13
434 14
435 6
436 6
437 10
438 10
439 13
440 4
441 6
442 10
443 10
444 12
445 9
446 6
447 10
448 10
449 5
450 10
451 6
452 5
453 10
454 11
455 15
456 14
457 5
458 10
459 11
460 14
461 13
462 10
463 6
464 6
465 10
466 10
467 11
468 4
469 5
470 13
471 14
472 6
473 6
474 10
475 10
476 13
477 4
478 6
479 10
480 10
481 12
482 9
483 6
484 10
485 10
486 5
487 10
488 6
489 5
490 10
491 11
492 15
493 14
494 5
495 10
496 11
497 14
498 13
499 10
500 6
501 6
502 10
503 10
504 11
505 4
506 5
507 13
508 14
509 6
510 6
511 10
512 10
513 13
514 4
515 6
516 10
517 10
518 12
519 9
520 6
521 10
522 10
523 5
524 10
525 6
526 5
527 10
528 11
529 15
530 14
531 5
532 10
533 11
534 14
535 13
536 10
537 6
538 6
539 10
540 10
541 11
542 4
543 5
544 13
545 14
546 6
547 6
548 10
549 10
550 13
551 4
552 6
553 10
554 10
555 12
556 9
557 6
558 10
559 10
560 5
561 10
562 6
563 5
564 10
565 11
566 15
567 14
568 5
569 10
570 11
571 14
572 13
573 10
574 6
575 6
576 10
577 10
578 11
579 4
580 5
581 13
582 14
583 6
584 6
585 10
586 10
587 13
588 4
589 6
590 10
591 10
592 13
