1 9
2 6
3 8
4 7
5 5
6 7
7 6
8 5
9 7
10 9
11 11
12 8
13 5
14 8
15 11
16 8
17 7
18 10
19 6
20 6
21 8
22 8
23 11
24 4
25 5
26 8
27 8
28 6
29 6
30 7
31 8
32 7
33 4
34 6
35 8
36 7
37 13
38 9
39 6
40 8
41 7
42 5
43 7
44 6
45 5
46 7
47 9
48 11
49 8
50 5
51 8
52 11
53 8
54 7
55 10
56 6
57 6
58 8
59 8
60 11
61 4
62 5
63 8
64 8
65 6
66 6
67 7
68 8
69 7
70 4
71 6
72 8
73 7
74 13
75 9
76 6
77 8
78 7
79 5
80 7
81 6
82 5
83 7
84 9
85 11
86 8
87 5
88 8
89 11
90 8
91 7
92 10
93 6
94 6
95 8
96 8
97 11
98 4
99 5
100 8
101 8
102 6
103 6
104 7
105 8
106 7
107 4
108 6
109 8
110 7
111 13
112 9
113 6
114 8
115 7
116 5
117 7
118 6
119 5
120 7
121 9
122 11
123 8
124 5
125 8
126 11
127 8
128 7
129 10
130 6
131 6
132 8
133 8
134 11
135 4
136 5
137 8
138 8
139 6
140 6
141 7
142 8
143 7
144 4
145 6
146 8
147 7
148 13
149 9
150 6
151 8
152 7
153 5
154 7
155 6
156 5
157 7
158 9
159 11
160 8
161 5
162 8
163 11
164 8
165 7
166 10
167 6
168 6
169 8
170 8
171 11
172 4
173 5
174 8
175 8
176 6
177 6
178 7
179 8
180 7
181 4
182 6
183 8
184 7
185 13
186 9
187 6
188 8
189 7
190 5
191 7
192 6
193 5
194 7
195 9
196 11
197 8
198 5
199 8
200 11
201 8
202 7
203 10
204 6
205 6
206 8
207 8
208 11
209 4
210 5
211 8
212 8
213 6
214 6
215 7
216 8
217 7
218 4
219 6
220 8
221 7
222 13
223 9
224 6
225 8
226 7
227 5
228 7
229 6
230 5
231 7
232 9
233 11
234 8
235 5
236 8
237 11
238 8
239 7
240 10
241 6
242 6
243 8
244 8
245 11
246 4
247 5
248 8
249 8
250 6
251 6
252 7
253 8
254 7
255 4
256 6
257 8
258 7
259 13
260 9
261 6
262 8
263 7
264 5
265 7
266 6
267 5
268 7
269 9
270 11
271 8
272 5
273 8
274 11
275 8
276 7
277 10
278 6
279 6
280 8
281 8
282 11
283 4
284 5
285 8
286 8
287 6
288 6
289 7
290 8
291 7
292 4
293 6
294 8
295 7
296 13
297 9
298 6
299 8
300 7
301 5
302 7
303 6
304 5
305 7
306 9
307 11
308 8
309 5
310 8
311 11
312 8
313 7
314 10
315 6
316 6
317 8
318 8
319 11
320 4
321 5
322 8
323 8
324 6
325 6
326 7
327 8
328 7
329 4
330 6
331 8
332 7
333 13
334 9
335 6
336 8
337 7
338 5
339 7
340 6
341 5
342 7
343 9
344 11
345 8
346 5
347 8
348 11
349 8
350 7
351 10
352 6
353 6
354 8
355 8
356 11
357 4
358 5
359 8
360 8
361 6
362 6
363 7
364 8
365 7
366 4
367 6
368 8
369 7
370 13
371 9
372 6
373 8
374 7
375 5
376 7
377 6
378 5
379 7
380 9
381 11
382 8
383 5
384 8
385 11
386 8
387 7
388 10
389 6
390 6
391 8
392 8
393 11
394 4
395 5
396 8
397 8
398 6
399 6
400 7
401 8
402 7
403 4
404 6
405 8
406 7
407 13
408 9
409 6
410 8
411 7
412 5
413 7
414 6
415 5
416 7
417 9
418 11
419 8
420 5
421 8
422 11
423 8
424 7
425 10
426 6
427 6
428 8
429 8
430 11
431 4
432 5
433 8
434 8
435 6
436 6
437 7
438 8
439 7
440 4
441 6
442 8
443 7
444 13
445 9
446 6
447 8
448 7
449 5
450 7
451 6
452 5
453 7
454 9
455 11
456 8
457 5
458 8
459 11
460 8
461 7
462 10
463 6
464 6
465 8
466 8
467 11
468 4
469 5
470 8
471 8
472 6
473 6
474 7
475 8
476 7
477 4
478 6
479 8
480 7
481 13
482 9
483 6
484 8
485 7
486 5
487 7
488 6
489 5
490 7
491 9
492 11
493 8
494 5
495 8
496 11
497 8
498 7
499 10
500 6
501 6
502 8
503 8
504 11
505 4
506 5
507 8
508 8
509 6
510 6
511 7
512 8
513 7
514 4
515 6
516 8
517 7
518 13
519 9
520 6
521 8
522 7
523 5
524 7
525 6
526 5
527 7
528 9
529 11
530 8
531 5
532 8
533 11
534 8
535 7
536 10
537 6
538 6
539 8
540 8
541 11
542 4
543 5
544 8
545 8
546 6
547 6
548 7
549 8
550 7
551 4
552 6
553 8
554 7
555 13
556 9
557 6
558 8
559 7
560 5
561 7
562 6
563 5
564 7
565 9
566 11
567 8
568 5
569 8
570 11
571 8
572 7
573 10
574 6
575 6
576 8
577 8
578 11
579 4
580 5
581 8
582 8
583 6
584 6
585 7
586 8
587 7
588 4
589 6
590 8
591 7
592 13
